0,
2015,
4022,
6014,
7983,
9922,
11823,
13680,
15485,
17231,
18912,
20521,
22053,
23502,
24861,
26127,
27293,
28356,
29312,
30158,
30888,
31503,
31997,
32371,
32623,
32750,
32754,
32634,
32391,
32025,
31538,
30931,
30208,
29370,
28421,
27364,
26204,
24945,
23591,
22148,
20622,
19017,
17340,
15598,
13797,
11943,
10044,
8108,
6140,
4149,
2143,
129,
-1886,
-3894,
-5887,
-7858,
-9799,
-11703,
-13563,
-15371,
-17121,
-18807,
-20421,
-21958,
-23412,
-24777,
-26049,
-27222,
-28292,
-29255,
-30107,
-30845,
-31467,
-31969,
-32351,
-32610,
-32746,
-32758,
-32646,
-32410,
-32052,
-31572,
-30973,
-30257,
-29427,
-28485,
-27435,
-26281,
-25028,
-23680,
-22243,
-20721,
-19121,
-17449,
-15711,
-13913,
-12063,
-10167,
-8232,
-6266,
-4277,
-2272,
-257,
1758,
3766,
5760,
7733,
9676,
11583,
13445,
15257,
17011,
18701,
20320,
21862,
23322,
24693,
25970,
27150,
28227,
29197,
30056,
30802,
31431,
31941,
32330,
32597,
32741,
32761,
32657,
32429,
32078,
31607,
31015,
30306,
29483,
28548,
27505,
26358,
25111,
23769,
22337,
20821,
19226,
17558,
15824,
14030,
12182,
10289,
8357,
6393,
4405,
2400,
386,
-1629,
-3638,
-5634,
-7608,
-9553,
-11462,
-13328,
-15143,
-16901,
-18595,
-20219,
-21766,
-23231,
-24608,
-25892,
-27078,
-28161,
-29138,
-30004,
-30757,
-31394,
-31912,
-32309,
-32584,
-32736,
-32763,
-32667,
-32447,
-32104,
-31640,
-31056,
-30355,
-29539,
-28611,
-27575,
-26434,
-25193,
-23857,
-22431,
-20920,
-19330,
-17666,
-15936,
-14146,
-12302,
-10411,
-8481,
-6519,
-4532,
-2528,
-515,
1501,
3510,
5507,
7483,
9430,
11342,
13210,
15029,
16791,
18489,
20118,
21670,
23140,
24523,
25813,
27005,
28095,
29079,
29952,
30713,
31357,
31883,
32287,
32570,
32730,
32765,
32677,
32465,
32130,
31674,
31097,
30403,
29594,
28673,
27644,
26510,
25275,
23945,
22525,
21019,
19434,
17775,
16049,
14262,
12421,
10533,
8605,
6645,
4660,
2656,
643,
-1372,
-3383,
-5380,
-7357,
-9307,
-11221,
-13092,
-14915,
-16680,
-18383,
-20016,
-21573,
-23049,
-24437,
-25733,
-26932,
-28029,
-29019,
-29900,
-30668,
-31319,
-31853,
-32265,
-32556,
-32723,
-32767,
-32686,
-32482,
-32155,
-31706,
-31138,
-30451,
-29649,
-28735,
-27713,
-26585,
-25357,
-24033,
-22618,
-21118,
-19537,
-17883,
-16161,
-14377,
-12540,
-10655,
-8729,
-6771,
-4787,
-2785,
-772,
1244,
3255,
5253,
7232,
9183,
11100,
12974,
14800,
16569,
18276,
19914,
21476,
22957,
24351,
25653,
26858,
27962,
28959,
29847,
30622,
31281,
31822,
32242,
32541,
32716,
32768,
32695,
32499,
32180,
31739,
31177,
30498,
29704,
28797,
27781,
26660,
25439,
24120,
22711,
21216,
19640,
17990,
16272,
14493,
12659,
10776,
8853,
6897,
4914,
2913,
901,
-1115,
-3126,
-5126,
-7106,
-9060,
-10979,
-12856,
-14685,
-16458,
-18169,
-19812,
-21379,
-22865,
-24265,
-25573,
-26784,
-27894,
-28899,
-29794,
-30576,
-31243,
-31791,
-32219,
-32525,
-32709,
-32768,
-32703,
-32515,
-32204,
-31770,
-31217,
-30545,
-29758,
-28858,
-27849,
-26735,
-25519,
-24207,
-22804,
-21314,
-19743,
-18098,
-16384,
-14608,
-12777,
-10898,
-8977,
-7022,
-5041,
-3041,
-1029,
986,
2998,
4999,
6981,
8936,
10857,
12738,
14570,
16347,
18062,
19709,
21281,
22773,
24178,
25492,
26710,
27827,
28838,
29740,
30530,
31204,
31760,
32196,
32510,
32701,
32768,
32711,
32531,
32227,
31802,
31256,
30592,
29812,
28919,
27917,
26809,
25600,
24294,
22896,
21411,
19846,
18205,
16495,
14723,
12896,
11019,
9101,
7148,
5168,
3169,
1158,
-858,
-2870,
-4872,
-6855,
-8812,
-10736,
-12619,
-14454,
-16235,
-17955,
-19606,
-21183,
-22680,
-24091,
-25411,
-26635,
-27758,
-28777,
-29686,
-30483,
-31164,
-31728,
-32171,
-32493,
-32692,
-32767,
-32718,
-32546,
-32250,
-31832,
-31294,
-30637,
-29865,
-28979,
-27984,
-26883,
-25680,
-24380,
-22988,
-21509,
-19948,
-18312,
-16606,
-14838,
-13014,
-11140,
-9224,
-7274,
-5295,
-3297,
-1286,
729,
