65534,
-917505,
-2228224,
-4325376,
-10092540,
-856882654,
12648437,
6684666,
4718587,
3735546,
3080188,
2686971,
2359291,
2097148,
1900540,
1769468,
1638397,
1507324,
1441789,
1310716,
1245180,
1179644,
1114108,
1048573,
1048573,
983037,
917501,
917500,
851964,
786428,
786429,
786429,
786429,
786429,
720893,
655357,
720892,
655357,
655356,
589821,
655356,
589821,
589821,
589821,
589821,
589821,
589821,
524285,
524285,
524285,
458749,
458748,
458749,
458749,
458749,
458749,
458749,
458749,
458749,
458749,
458749,
393213,
393213,
393213,
393213,
393213,
393213,
327677,
327677,
393213,
327677,
327677,
327677,
327677,
327677,
327677,
327677,
327677,
327678,
327677,
327677,
327677,
327677,
262141,
262141,
262141,
327677,
262141,
262141,
262141,
262141,
262142,
262141,
262141,
196605,
262141,
262141,
196605,
262141,
262141,
262141,
262141,
262141,
262141,
196605,
262141,
262141,
196605,
262142,
196605,
262141,
262141,
262141,
196605,
196605,
196605,
262141,
262141,
196605,
196605,
196605,
196605,
196606,
196605,
196606,
196606,
196606,
196605,
196606,
196605,
131069,
196605,
196605,
196605,
196605,
196605,
196606,
131069,
196606,
196605,
131069,
196605,
196605,
131069,
131069,
131069,
131070,
131069,
131069,
131069,
196605,
131069,
131069,
196605,
131069,
131069,
131069,
131069,
131069,
131069,
131069,
131069,
131069,
131070,
131069,
131069,
131069,
131069,
196605,
131070,
131069,
131069,
131069,
131069,
131069,
131070,
131070,
131069,
131070,
131069,
131069,
131069,
131069,
131069,
131069,
131070,
131069,
131069,
131069,
65533,
131069,
65534,
131070,
131070,
65533,
131069,
131069,
131070,
65533,
65533,
131070,
131069,
65533,
131069,
131069,
65534,
131069,
65533,
131069,
65533,
65534,
65533,
65533,
131069,
65534,
65533,
65533,
65533,
65533,
65534,
65533,
65533,
65533,
65533,
65533,
65533,
65533,
65534,
65533,
65533,
65533,
65533,
65533,
131069,
65534,
65534,
131069,
65533,
65533,
65533,
65533,
65533,
65534,
65534,
65534,
65534,
65533,
65534,
65533,
65534,
65534,
65533,
-3,
65534,
65534,
65533,
65534,
65534,
65534,
-3,
-2,
-3,
65534,
-2,
-2,
-3,
65534,
65533,
65533,
-2,
-2,
65533,
-2,
-3,
-2,
-3,
-3,
-3,
-2,
-2,
65534,
65534,
-2,
65533,
-2,
-2,
-2,
-2,
-3,
-3,
65534,
-2,
-2,
-2,
65533,
-2,
-2,
-2,
-2,
-2,
-2,
-2,
-3,
-2,
-65539,
-2,
-65538,
-65539,
-2,
-2,
-65539,
-2,
-65539,
-2,
-2,
-3,
-3,
-2,
-2,
-2,
-2,
-2,
-2,
-65539,
-65539,
-3,
-65538,
-3,
-65538,
-65538,
-65538,
-65538,
-65538,
-65539,
-65538,
-3,
-65539,
-65539,
-65539,
-65538,
-65538,
-65538,
-2,
-65538,
-65538,
-65538,
-65539,
-65538,
-65539,
-65539,
-65539,
-65538,
-65539,
-65538,
-65538,
-65538,
-65538,
-65538,
-65538,
-65538,
-65539,
-65539,
-65539,
-65539,
-65538,
-131075,
-65539,
-65539,
-65538,
-131074,
-131074,
-131075,
-65538,
-65538,
-131074,
-65539,
-65539,
-131075,
-131075,
-131075,
-65538,
-65538,
-65538,
-131075,
-131074,
-131075,
-131074,
-131075,
-131075,
-131074,
-131074,
-131074,
-131074,
-131074,
-131074,
-131075,
-131075,
-131075,
-131075,
-131075,
-131075,
-131075,
-131074,
-131075,
-131075,
-131075,
-131074,
-196610,
-131074,
-131075,
-196611,
-196611,
-196611,
-131075,
-131075,
-196611,
-196611,
-131075,
-131075,
-131074,
-196610,
-196611,
-196610,
-262147,
-196611,
-262146,
-262147,
-262147,
-196610,
-262147,
-262147,
-196610,
-262146,
-262147,
-262146,
-262146,
-262147,
-262147,
-262147,
-262146,
-262146,
-262146,
-262147,
-262147,
-262147,
-327682,
-327683,
-327683,
-327682,
-327682,
-327682,
-327683,
-327683,
-327682,
-393218,
-393218,
-393218,
-393219,
-393218,
-393219,
-393219,
-458755,
-393218,
-458754,
-458755,
-458755,
-524290,
-524291,
-524291,
-524290,
-524290,
-589827,
-589827,
-589826,
-589827,
-589827,
-655363,
-655363,
-655363,
-720899,
-720899,
-786435,
-786435,
-786435,
-851971,
-917507,
-917507,
-983043,
-1048579,
-1048579,
-1114115,
-1179650,
-1245187,
-1310723,
-1376259,
-1507331,
-1572867,
-1703939,
-1966083,
-2097155,
-2359300,
-2686979,
-3080196,
-3735556,
-4784133,
-6750214,
-12648458,
856621604,
9895941,
4063234,
2031616,
917503,
