-17184,
-16384,
-15583,
-14850,
-14325,
-13537,
-12780,
-12266,
-11902,
-11368,
-10473,
-9593,
-9036,
-8474,
-7910,
-7348,
-6469,
-6133,
-5208,
-4653,
-4118,
-3356,
-2457,
-2059,
-1654,
-801,
-417,
417,
1246,
2059,
2960,
3356,
3890,
4653,
5415,
5782,
6712,
7300,
7894,
8490,
9084,
9672,
10602,
10969,
11548,
12494,
13303,
13829,
14242,
15087,
15967,
16384,
17215,
17629,
18525,
19343,
19739,
20273,
21036,
21591,
22516,
22852,
23421,
24277,
24873,
25467,
26397,
26634,
27751,
28114,
28649,
29411,
30310,
31175,
31569,
32366,
-32768,
-31966,
-31569,
-30786,
-29920,
-29807,
-29163,
-28649,
-27751,
-27200,
-26856,
-25729,
-25419,
-24575,
-24027,
-23174,
-22625,
-22294,
-21399,
-20865,
-20501,
-19613,
-19230,
-18442,
-17581,
-17184,
-16384,
-15983,
-15186,
-14730,
-13927,
-13537,
-12780,
-11902,
-11548,
-11018,
-10142,
-9593,
-9036,
-8192,
-7613,
-7348,
-6133,
-5567,
-5208,
-4653,
-3742,
-2960,
-2457,
-1654,
-1246,
-832,
0,
832,
1246,
2059,
2142,
3356,
4118,
4653,
5208,
5782,
6370,
7038,
7894,
8771,
9084,
9672,
10251,
11176,
12106,
12106,
13028,
13829,
14730,
15138,
15552,
16384,
16800,
17629,
18442,
19343,
19739,
20125,
21219,
21591,
22516,
22852,
23683,
23996,
25154,
25419,
26298,
26634,
27200,
28114,
28649,
29025,
30310,
30708,
31113,
31966,
32350,
-32366,
-31569,
-31175,
-30310,
-29537,
-29163,
-28649,
-28114,
-27200,
-26856,
-25976,
-25419,
-24857,
-24293,
-23174,
-22852,
-22516,
-21749,
-20865,
-20501,
-19987,
-18840,
-18748,
-17975,
-17581,
-16384,
-15983,
-15186,
-14403,
-13927,
-13537,
-13154,
-12106,
-11731,
-11018,
-10251,
-9915,
-9346,
-8474,
-7910,
-7038,
-6469,
-5567,
-5016,
-4653,
-3742,
-3230,
-2457,
-1654,
-1246,
-417,
0,
801,
1246,
2059,
2457,
3356,
3890,
4653,
5016,
6133,
6133,
7038,
7910,
8490,
9346,
9672,
10602,
11176,
11548,
12494,
13028,
13424,
14325,
15138,
15552,
15967,
16800,
17629,
18442,
18840,
19343,
20125,
20865,
21591,
22294,
22852,
23421,
23996,
24575,
25154,
26055,
26634,
27200,
28114,
28649,
29025,
29920,
30310,
31113,
31966,
32350,
-32366,
-31966,
-31175,
-30708,
-30310,
-29537,
-29025,
-28285,
-27751,
-26856,
-26298,
-25729,
-25154,
-24293,
-23421,
-23174,
-22852,
-21950,
-21399,
-20501,
-20125,
-19230,
-18840,
-17975,
-17581,
-16784,
-15983,
-15583,
-14730,
-14325,
-13537,
-12780,
-12106,
-11731,
-11176,
-10251,
-9672,
-9346,
-8474,
-7910,
-7348,
-6469,
-5567,
-5567,
-4653,
-3890,
-3356,
-2960,
-2142,
-1654,
-867,
0,
417,
1246,
1654,
2555,
3356,
3890,
4836,
5208,
6133,
6712,
7038,
7613,
8490,
9084,
9672,
10251,
11176,
11548,
12494,
13028,
13829,
14325,
15138,
15552,
16384,
17215,
17629,
18525,
19230,
19343,
20125,
20661,
21399,
21950,
22852,
23095,
23996,
24857,
25419,
25976,
26634,
27200,
27751,
28285,
29537,
29537,
30310,
31175,
31569,
32366,
-32768,
-31966,
-31569,
-30786,
-30402,
-29537,
-29025,
-28285,
-27751,
-27064,
-26525,
-25419,
-24857,
-24575,
-23996,
-23174,
-22625,
-21749,
-21399,
-21036,
-19987,
-19739,
-19230,
-18442,
-17581,
-16800,
-16384,
-15552,
-15186,
-14730,
-13927,
-13154,
-12642,
-12106,
-11176,
-10817,
-10251,
-9346,
-8771,
-8192,
-7300,
-6712,
-6012,
-5208,
-4836,
-3742,
-3356,
-2960,
-2457,
-1654,
-867,
0,
434,
1297,
1722,
2555,
2960,
3491,
4450,
5208,
5782,
6712,
7300,
7894,
8192,
9084,
9672,
10251,
10817,
11731,
12494,
13028,
13537,
14325,
15138,
15552,
16384,
17215,
17975,
18442,
18840,
19613,
20125,
20865,
21399,
22294,
22852,
23731,
24293,
24857,
25729,
25976,
26856,
27064,
27931,
28285,
29163,
29537,
30402,
30786,
31613,
31966,
-32768,
-31996,
-31569,
-30857,
-30402,
-29654,
-29163,
-28444,
-27931,
-27064,
-26739,
-25976,
-25419,
-24857,
-24027,
-23481,
-23174,
-22625,
-21749,
-21561,
-20865,
-19987,
-19230,
-18840,
-18364,
-17581,
-17215,
