0,
3040,
6040,
8957,
11754,
14392,
16836,
19053,
21013,
22689,
24058,
25103,
25810,
26168,
26172,
25824,
25127,
24091,
22730,
21062,
19109,
16899,
14461,
11828,
9035,
6120,
3122,
82,
-2958,
-5959,
-8880,
-11680,
-14323,
-16773,
-18996,
-20963,
-22647,
-24026,
-25080,
-25795,
-26163,
-26177,
-25838,
-25150,
-24123,
-22771,
-21111,
-19166,
-16962,
-14530,
-11901,
-9112,
-6200,
-3204,
-165,
2877,
5879,
8802,
11607,
14254,
16710,
18940,
20914,
22606,
23992,
25056,
25780,
26157,
26181,
25852,
25174,
24155,
22811,
21159,
19222,
17025,
14598,
11974,
9189,
6280,
3286,
247,
-2795,
-5799,
-8725,
-11533,
-14185,
-16646,
-18882,
-20864,
-22564,
-23959,
-25031,
-25765,
-26152,
-26185,
-25865,
-25196,
-24187,
-22852,
-21208,
-19278,
-17087,
-14666,
-12048,
-9266,
-6360,
-3367,
-329,
2713,
5718,
8647,
11459,
14116,
16582,
18825,
20814,
22522,
23926,
25007,
25750,
26146,
26189,
25879,
25219,
24219,
22892,
21256,
19333,
17150,
14735,
12121,
9343,
6439,
3449,
412,
-2631,
-5638,
-8569,
-11385,
-14046,
-16519,
-18768,
-20764,
-22480,
-23892,
-24982,
-25735,
-26140,
-26193,
-25892,
-25241,
-24250,
-22932,
-21304,
-19389,
-17212,
-14803,
-12194,
-9420,
-6519,
-3531,
-494,
2549,
5558,
8491,
11310,
13977,
16455,
18710,
20713,
22437,
23858,
24957,
25719,
26134,
26196,
25904,
25263,
24282,
22972,
21352,
19444,
17274,
14871,
12266,
9497,
6599,
3612,
576,
-2467,
-5477,
-8413,
-11236,
-13907,
-16390,
-18652,
-20663,
-22394,
-23824,
-24931,
-25703,
-26127,
-26199,
-25917,
-25285,
-24312,
-23011,
-21400,
-19499,
-17336,
-14938,
-12339,
-9574,
-6679,
-3694,
-659,
2385,
5397,
8335,
11162,
13837,
16326,
18595,
20612,
22351,
23789,
24906,
25686,
26120,
26201,
25929,
25307,
24343,
23051,
21447,
19554,
17398,
15006,
12412,
9650,
6758,
3775,
741,
-2303,
-5316,
-8257,
-11087,
-13767,
-16261,
-18536,
-20561,
-22308,
-23754,
-24880,
-25670,
-26113,
-26204,
-25941,
-25328,
-24374,
-23090,
-21495,
-19609,
-17459,
-15073,
-12484,
-9727,
-6838,
-3857,
-823,
2221,
5235,
8179,
11012,
13697,
16197,
18478,
20510,
22265,
23719,
24854,
25653,
26106,
26206,
25953,
25349,
24404,
23129,
21542,
19664,
17520,
15141,
12557,
9803,
6917,
3938,
906,
-2139,
-5155,
-8101,
-10938,
-13627,
-16132,
-18420,
-20459,
-22221,
-23684,
-24828,
-25636,
-26098,
-26208,
-25964,
-25370,
-24434,
-23167,
-21588,
-19718,
-17582,
-15208,
-12629,
-9879,
-6997,
-4019,
-988,
2057,
5074,
8022,
10863,
13556,
16067,
18361,
20407,
22178,
23649,
24801,
25618,
26090,
26210,
25976,
25391,
24463,
23206,
21635,
19772,
17643,
15275,
12701,
9956,
7076,
4101,
1070,
-1975,
-4993,
-7944,
-10788,
-13486,
-16002,
-18302,
-20355,
-22134,
-23613,
-24774,
-25601,
-26082,
-26211,
-25987,
-25411,
-24493,
-23244,
-21681,
-19826,
-17703,
-15342,
-12773,
-10032,
-7155,
-4182,
-1153,
1893,
4912,
7865,
10712,
13415,
15937,
18243,
20303,
22089,
23577,
24747,
25583,
26074,
26212,
25997,
25431,
24522,
23282,
21728,
19880,
17764,
15408,
12845,
10108,
7234,
4263,
1235,
-1810,
-4831,
-7787,
-10637,
-13344,
-15871,
-18184,
-20251,
-22045,
-23541,
-24720,
-25565,
-26065,
-26213,
-26008,
-25451,
-24551,
-23320,
-21774,
-19934,
-17825,
-15475,
-12917,
-10184,
-7314,
-4345,
-1317,
1728,
4750,
7708,
10562,
13273,
15805,
18124,
20199,
22000,
23505,
24692,
25547,
26056,
26214,
26018,
25471,
24580,
23357,
21819,
19987,
17885,
15541,
12988,
10260,
7393,
4426,
1399,
-1646,
-4669,
-7629,
-10487,
-13202,
-15740,
-18065,
-20146,
-21955,
-23468,
-24665,
-25528,
-26047,
-26214,
-26028,
-25490,
-24608,
-23394,
-21865,
-20040,
-17945,
-15608,
-13060,
-10335,
-7472,
-4507,
-1482,
1564,
4588,
7551,
10411,
13131,
15674,
18005,
20093,
21910,
23432,
24637,
25509,
26038,
26214,
26038,
25509,
24637,
23432,
21910,
20093,
18005,
15674,
13131,
10411,
7551,
