0,
1800,
3592,
5366,
7116,
8831,
10505,
12130,
13697,
15199,
16630,
17982,
19250,
20426,
21506,
22485,
23357,
24119,
24768,
25299,
25711,
26001,
26169,
26213,
26134,
25931,
25605,
25159,
24594,
23913,
23119,
22216,
21208,
20100,
18897,
17605,
16229,
14777,
13256,
11671,
10032,
8345,
6619,
4862,
3081,
1286,
-515,
-2313,
-4101,
-5869,
-7610,
-9314,
-10975,
-12584,
-14133,
-15616,
-17025,
-18354,
-19595,
-20745,
-21796,
-22745,
-23586,
-24316,
-24931,
-25429,
-25806,
-26062,
-26194,
-26203,
-26088,
-25850,
-25490,
-25010,
-24411,
-23698,
-22872,
-21938,
-20901,
-19765,
-18536,
-17220,
-15822,
-14349,
-12809,
-11208,
-9554,
-7856,
-6120,
-4355,
-2569,
-772,
1029,
2825,
4608,
6370,
8101,
9794,
11440,
13033,
14564,
16026,
17413,
18717,
19934,
21056,
22078,
22997,
23806,
24504,
25086,
25549,
25892,
26112,
26209,
26183,
26033,
25760,
25365,
24851,
24219,
23473,
22616,
21652,
20587,
19424,
18169,
16828,
15408,
13916,
12357,
10741,
9073,
7363,
5618,
3846,
2057,
257,
-1543,
-3337,
-5114,
-6868,
-8589,
-10269,
-11901,
-13477,
-14989,
-16430,
-17794,
-19074,
-20264,
-21358,
-22351,
-23239,
-24017,
-24682,
-25230,
-25659,
-25967,
-26153,
-26214,
-26153,
-25967,
-25659,
-25230,
-24682,
-24017,
-23239,
-22351,
-21358,
-20264,
-19074,
-17794,
-16430,
-14989,
-13477,
-11901,
-10269,
-8589,
-6868,
-5114,
-3337,
-1543,
257,
2057,
3846,
5618,
7363,
9073,
10741,
12357,
13916,
15408,
16828,
18169,
19424,
20587,
21652,
22616,
23473,
24219,
24851,
25365,
25760,
26033,
26183,
26209,
26112,
25892,
25549,
25086,
24504,
23806,
22997,
22078,
21056,
19934,
18717,
17413,
16026,
14564,
13033,
11440,
9794,
8101,
6370,
4608,
2825,
1029,
-772,
-2569,
-4355,
-6120,
-7856,
-9554,
-11208,
-12809,
-14349,
-15822,
-17220,
-18536,
-19765,
-20901,
-21938,
-22872,
-23698,
-24411,
-25010,
-25490,
-25850,
-26088,
-26203,
-26194,
-26062,
-25806,
-25429,
-24931,
-24316,
-23586,
-22745,
-21796,
-20745,
-19595,
-18354,
-17025,
-15616,
-14133,
-12584,
-10975,
-9314,
-7610,
-5869,
-4101,
-2313,
-515,
1286,
3081,
4862,
6619,
8345,
10032,
11671,
13256,
14777,
16229,
17605,
18897,
20100,
21208,
22216,
23119,
23913,
24594,
25159,
25605,
25931,
26134,
26213,
26169,
26001,
25711,
25299,
24768,
24119,
23357,
22485,
21506,
20426,
19250,
17982,
16630,
15199,
13697,
12130,
10505,
8831,
7116,
5366,
3592,
1800,
0,
-1800,
-3592,
-5366,
-7116,
-8831,
-10505,
-12130,
-13697,
-15199,
-16630,
-17982,
-19250,
-20426,
-21506,
-22485,
-23357,
-24119,
-24768,
-25299,
-25711,
-26001,
-26169,
-26213,
-26134,
-25931,
-25605,
-25159,
-24594,
-23913,
-23119,
-22216,
-21208,
-20100,
-18897,
-17605,
-16229,
-14777,
-13256,
-11671,
-10032,
-8345,
-6619,
-4862,
-3081,
-1286,
515,
2313,
4101,
5869,
7610,
9314,
10975,
12584,
14133,
15616,
17025,
18354,
19595,
20745,
21796,
22745,
23586,
24316,
24931,
25429,
25806,
26062,
26194,
26203,
26088,
25850,
25490,
25010,
24411,
23698,
22872,
21938,
20901,
19765,
18536,
17220,
15822,
14349,
12809,
11208,
9554,
7856,
6120,
4355,
2569,
772,
-1029,
-2825,
-4608,
-6370,
-8101,
-9794,
-11440,
-13033,
-14564,
-16026,
-17413,
-18717,
-19934,
-21056,
-22078,
-22997,
-23806,
-24504,
-25086,
-25549,
-25892,
-26112,
-26209,
-26183,
-26033,
-25760,
-25365,
-24851,
-24219,
-23473,
-22616,
-21652,
-20587,
-19424,
-18169,
-16828,
-15408,
-13916,
-12357,
-10741,
-9073,
-7363,
-5618,
-3846,
-2057,
-257,
1543,
3337,
5114,
6868,
8589,
10269,
11901,
13477,
14989,
16430,
17794,
19074,
20264,
21358,
22351,
23239,
24017,
24682,
25230,
25659,
25967,
26153,
26214,
26153,
25967,
25659,
25230,
24682,
24017,
23239,
22351,
21358,
20264,
19074,
17794,
16430,
14989,
13477,
11901,
10269,
8589,
6868,
5114,
3337,
1543,
-257,
-2057,
-3846,
-5618,
-7363,
-9073,
-10741,
-12357,
-13916,
