<<<<<<< HEAD
0,
1201,
2399,
3592,
4777,
5953,
7116,
8264,
9394,
10505,
11594,
12659,
13697,
14706,
15685,
16630,
17541,
18415,
19250,
20045,
20797,
21506,
22170,
22788,
23357,
23878,
24348,
24768,
25135,
25449,
25711,
25918,
26071,
26169,
26212,
26200,
26134,
26012,
25836,
25605,
25321,
24984,
24594,
24153,
23661,
23119,
22529,
21891,
21208,
20480,
19709,
18897,
18045,
17155,
16229,
15269,
14277,
13256,
12206,
11130,
10032,
8912,
7774,
6619,
5450,
4270,
3081,
1886,
686,
-515,
-1715,
-2911,
-4101,
-5282,
-6453,
-7610,
-8751,
-9873,
-10975,
-12054,
-13107,
-14133,
-15130,
-16094,
-17025,
-17920,
-18777,
-19595,
-20372,
-21107,
-21796,
-22441,
-23038,
-23586,
-24086,
-24534,
-24931,
-25276,
-25568,
-25806,
-25990,
-26120,
-26194,
-26214,
-26178,
-26088,
-25943,
-25744,
-25490,
-25183,
-24823,
-24411,
-23948,
-23435,
-22872,
-22261,
-21604,
-20901,
-20155,
-19366,
-18536,
-17668,
-16763,
-15822,
-14848,
-13843,
-12809,
-11748,
-10662,
-9554,
-8426,
-7281,
-6120,
-4946,
-3762,
-2569,
-1372,
-172,
1029,
2228,
3422,
4608,
5785,
6950,
8101,
9234,
10348,
11440,
12508,
13550,
14564,
15547,
16497,
17413,
18292,
19133,
19934,
20692,
21408,
22078,
22702,
23279,
23806,
24284,
24711,
25086,
25408,
25677,
25892,
26052,
26158,
26209,
26205,
26146,
26033,
25864,
25642,
25365,
25035,
24653,
24219,
23734,
23199,
22616,
21985,
21308,
20587,
19822,
19015,
18169,
17284,
16364,
15408,
14421,
13403,
12357,
11286,
10190,
9073,
7937,
6785,
5618,
4439,
3251,
2057,
858,
-343,
-1543,
-2740,
-3931,
-5114,
-6286,
-7445,
-8589,
-9714,
-10819,
-11901,
-12958,
-13988,
-14989,
-15958,
-16894,
-17794,
-18657,
-19481,
-20264,
-21004,
-21701,
-22351,
-22955,
-23511,
-24017,
-24473,
-24878,
-25230,
-25530,
-25775,
-25967,
-26104,
-26187,
-26214,
-26187,
-26104,
-25967,
-25775,
-25530,
-25230,
-24878,
-24473,
-24017,
-23511,
-22955,
-22351,
-21701,
-21004,
-20264,
-19481,
-18657,
-17794,
-16894,
-15958,
-14989,
-13988,
-12958,
-11901,
-10819,
-9714,
-8589,
-7445,
-6286,
-5114,
-3931,
-2740,
-1543,
-343,
858,
2057,
3251,
4439,
5618,
6785,
7937,
9073,
10190,
11286,
12357,
13403,
14421,
15408,
16364,
17284,
18169,
19015,
19822,
20587,
21308,
21985,
22616,
23199,
23734,
24219,
24653,
25035,
25365,
25642,
25864,
26033,
26146,
26205,
26209,
26158,
26052,
25892,
25677,
25408,
25086,
24711,
24284,
23806,
23279,
22702,
22078,
21408,
20692,
19934,
19133,
18292,
17413,
16497,
15547,
14564,
13550,
12508,
11440,
10348,
9234,
8101,
6950,
5785,
4608,
3422,
2228,
1029,
-172,
-1372,
-2569,
-3762,
-4946,
-6120,
-7281,
-8426,
-9554,
-10662,
-11748,
-12809,
-13843,
-14848,
-15822,
-16763,
-17668,
-18536,
-19366,
-20155,
-20901,
-21604,
-22261,
-22872,
-23435,
-23948,
-24411,
-24823,
-25183,
-25490,
-25744,
-25943,
-26088,
-26178,
-26214,
-26194,
-26120,
-25990,
-25806,
-25568,
-25276,
-24931,
-24534,
-24086,
-23586,
-23038,
-22441,
-21796,
-21107,
-20372,
-19595,
-18777,
-17920,
-17025,
-16094,
-15130,
-14133,
-13107,
-12054,
-10975,
-9873,
-8751,
-7610,
-6453,
-5282,
-4101,
-2911,
-1715,
-515,
686,
1886,
3081,
4270,
5450,
6619,
7774,
8912,
10032,
11130,
12206,
13256,
14277,
15269,
16229,
17155,
18045,
18897,
19709,
20480,
21208,
21891,
22529,
23119,
23661,
24153,
24594,
24984,
25321,
25605,
25836,
26012,
26134,
26200,
26212,
26169,
26071,
25918,
25711,
25449,
25135,
24768,
24348,
23878,
23357,
22788,
22170,
21506,
20797,
20045,
19250,
18415,
17541,
16630,
15685,
14706,
13697,
12659,
11594,
10505,
9394,
8264,
7116,
5953,
4777,
3592,
2399,
1201,
0,
-1201,
-2399,
-3592,
-4777,
-5953,
-7116,
-8264,
-9394,
-10505,
-11594,
-12659,
-13697,
-14706,
-15685,
-16630,
-17541,
-18415,
-19250,
-20045,
-20797,
-21506,
-22170,
-22788,
-23357,
-23878,
-24348,
-24768,
-25135,
-25449,
-25711,
-25918,
=======
0,
1201,
2399,
3592,
4777,
5953,
7116,
8264,
9394,
10505,
11594,
12659,
13697,
14706,
15685,
16630,
17541,
18415,
19250,
20045,
20797,
21506,
22170,
22788,
23357,
23878,
24348,
24768,
25135,
25449,
25711,
25918,
26071,
26169,
26212,
26200,
26134,
26012,
25836,
25605,
25321,
24984,
24594,
24153,
23661,
23119,
22529,
21891,
21208,
20480,
19709,
18897,
18045,
17155,
16229,
15269,
14277,
13256,
12206,
11130,
10032,
8912,
7774,
6619,
5450,
4270,
3081,
1886,
686,
-515,
-1715,
-2911,
-4101,
-5282,
-6453,
-7610,
-8751,
-9873,
-10975,
-12054,
-13107,
-14133,
-15130,
-16094,
-17025,
-17920,
-18777,
-19595,
-20372,
-21107,
-21796,
-22441,
-23038,
-23586,
-24086,
-24534,
-24931,
-25276,
-25568,
-25806,
-25990,
-26120,
-26194,
-26214,
-26178,
-26088,
-25943,
-25744,
-25490,
-25183,
-24823,
-24411,
-23948,
-23435,
-22872,
-22261,
-21604,
-20901,
-20155,
-19366,
-18536,
-17668,
-16763,
-15822,
-14848,
-13843,
-12809,
-11748,
-10662,
-9554,
-8426,
-7281,
-6120,
-4946,
-3762,
-2569,
-1372,
-172,
1029,
2228,
3422,
4608,
5785,
6950,
8101,
9234,
10348,
11440,
12508,
13550,
14564,
15547,
16497,
17413,
18292,
19133,
19934,
20692,
21408,
22078,
22702,
23279,
23806,
24284,
24711,
25086,
25408,
25677,
25892,
26052,
26158,
26209,
26205,
26146,
26033,
25864,
25642,
25365,
25035,
24653,
24219,
23734,
23199,
22616,
21985,
21308,
20587,
19822,
19015,
18169,
17284,
16364,
15408,
14421,
13403,
12357,
11286,
10190,
9073,
7937,
6785,
5618,
4439,
3251,
2057,
858,
-343,
-1543,
-2740,
-3931,
-5114,
-6286,
-7445,
-8589,
-9714,
-10819,
-11901,
-12958,
-13988,
-14989,
-15958,
-16894,
-17794,
-18657,
-19481,
-20264,
-21004,
-21701,
-22351,
-22955,
-23511,
-24017,
-24473,
-24878,
-25230,
-25530,
-25775,
-25967,
-26104,
-26187,
-26214,
-26187,
-26104,
-25967,
-25775,
-25530,
-25230,
-24878,
-24473,
-24017,
-23511,
-22955,
-22351,
-21701,
-21004,
-20264,
-19481,
-18657,
-17794,
-16894,
-15958,
-14989,
-13988,
-12958,
-11901,
-10819,
-9714,
-8589,
-7445,
-6286,
-5114,
-3931,
-2740,
-1543,
-343,
858,
2057,
3251,
4439,
5618,
6785,
7937,
9073,
10190,
11286,
12357,
13403,
14421,
15408,
16364,
17284,
18169,
19015,
19822,
20587,
21308,
21985,
22616,
23199,
23734,
24219,
24653,
25035,
25365,
25642,
25864,
26033,
26146,
26205,
26209,
26158,
26052,
25892,
25677,
25408,
25086,
24711,
24284,
23806,
23279,
22702,
22078,
21408,
20692,
19934,
19133,
18292,
17413,
16497,
15547,
14564,
13550,
12508,
11440,
10348,
9234,
8101,
6950,
5785,
4608,
3422,
2228,
1029,
-172,
-1372,
-2569,
-3762,
-4946,
-6120,
-7281,
-8426,
-9554,
-10662,
-11748,
-12809,
-13843,
-14848,
-15822,
-16763,
-17668,
-18536,
-19366,
-20155,
-20901,
-21604,
-22261,
-22872,
-23435,
-23948,
-24411,
-24823,
-25183,
-25490,
-25744,
-25943,
-26088,
-26178,
-26214,
-26194,
-26120,
-25990,
-25806,
-25568,
-25276,
-24931,
-24534,
-24086,
-23586,
-23038,
-22441,
-21796,
-21107,
-20372,
-19595,
-18777,
-17920,
-17025,
-16094,
-15130,
-14133,
-13107,
-12054,
-10975,
-9873,
-8751,
-7610,
-6453,
-5282,
-4101,
-2911,
-1715,
-515,
686,
1886,
3081,
4270,
5450,
6619,
7774,
8912,
10032,
11130,
12206,
13256,
14277,
15269,
16229,
17155,
18045,
18897,
19709,
20480,
21208,
21891,
22529,
23119,
23661,
24153,
24594,
24984,
25321,
25605,
25836,
26012,
26134,
26200,
26212,
26169,
26071,
25918,
25711,
25449,
25135,
24768,
24348,
23878,
23357,
22788,
22170,
21506,
20797,
20045,
19250,
18415,
17541,
16630,
15685,
14706,
13697,
12659,
11594,
10505,
9394,
8264,
7116,
5953,
4777,
3592,
2399,
1201,
0,
-1201,
-2399,
-3592,
-4777,
-5953,
-7116,
-8264,
-9394,
-10505,
-11594,
-12659,
-13697,
-14706,
-15685,
-16630,
-17541,
-18415,
-19250,
-20045,
-20797,
-21506,
-22170,
-22788,
-23357,
-23878,
-24348,
-24768,
-25135,
-25449,
-25711,
-25918,
>>>>>>> cbb89c5050988cb9f52fae1a28ecc029c9ebd317
