<<<<<<< HEAD
0,
1786,
3565,
5326,
7063,
8767,
10430,
12045,
13603,
15099,
16524,
17872,
19138,
20314,
21396,
22378,
23257,
24027,
24685,
25229,
25656,
25963,
26149,
26214,
26157,
25979,
25679,
25261,
24724,
24073,
23310,
22439,
21463,
20388,
19217,
17957,
16614,
15194,
13703,
12148,
10537,
8877,
7175,
5440,
3680,
1903,
117,
-1670,
-3449,
-5212,
-6950,
-8657,
-10323,
-11941,
-13503,
-15003,
-16433,
-17787,
-19058,
-20240,
-21328,
-22317,
-23203,
-23980,
-24646,
-25197,
-25632,
-25947,
-26141,
-26214,
-26165,
-25994,
-25703,
-25292,
-24763,
-24119,
-23363,
-22499,
-21530,
-20461,
-19296,
-18042,
-16704,
-15289,
-13802,
-12251,
-10644,
-8986,
-7287,
-5554,
-3796,
-2019,
-233,
1554,
3333,
5097,
6838,
8546,
10215,
11837,
13403,
14907,
16342,
17701,
18977,
20166,
21260,
22256,
23148,
23933,
24606,
25165,
25607,
25930,
26132,
26213,
26172,
26009,
25725,
25322,
24801,
24165,
23416,
22559,
21596,
20533,
19375,
18127,
16794,
15383,
13901,
12354,
10750,
9096,
7399,
5668,
3911,
2135,
350,
-1437,
-3217,
-4983,
-6725,
-8436,
-10108,
-11733,
-13303,
-14811,
-16251,
-17615,
-18897,
-20091,
-21192,
-22194,
-23093,
-23885,
-24565,
-25132,
-25582,
-25912,
-26122,
-26211,
-26178,
-26023,
-25747,
-25352,
-24839,
-24210,
-23468,
-22618,
-21662,
-20606,
-19454,
-18211,
-16884,
-15478,
-14000,
-12457,
-10856,
-9205,
-7511,
-5782,
-4026,
-2252,
-467,
1321,
3102,
4868,
6612,
8326,
10000,
11628,
13202,
14715,
16159,
17528,
18816,
20016,
21123,
22132,
23038,
23837,
24525,
25099,
25556,
25894,
26112,
26209,
26184,
26037,
25769,
25381,
24876,
24254,
23520,
22677,
21728,
20678,
19532,
18295,
16973,
15572,
14098,
12560,
10962,
9314,
7623,
5896,
4142,
2368,
583,
-1204,
-2986,
-4754,
-6499,
-8215,
-9892,
-11523,
-13101,
-14618,
-16067,
-17441,
-18734,
-19940,
-21054,
-22069,
-22982,
-23788,
-24483,
-25065,
-25530,
-25876,
-26102,
-26207,
-26189,
-26050,
-25790,
-25410,
-24912,
-24298,
-23571,
-22735,
-21793,
-20749,
-19609,
-18378,
-17061,
-15665,
-14197,
-12662,
-11068,
-9423,
-7734,
-6009,
-4257,
-2484,
-700,
1087,
2870,
4639,
6386,
8104,
9784,
11419,
13000,
14521,
15975,
17354,
18652,
19864,
20984,
22006,
22925,
23738,
24441,
25030,
25503,
25857,
26091,
26203,
26194,
26063,
25811,
25439,
24948,
24342,
23622,
22793,
21857,
20820,
19686,
18461,
17150,
15759,
14295,
12764,
11174,
9532,
7846,
6123,
4372,
2600,
817,
-971,
-2754,
-4524,
-6273,
-7993,
-9676,
-11313,
-12899,
-14424,
-15882,
-17266,
-18570,
-19788,
-20914,
-21942,
-22869,
-23689,
-24399,
-24995,
-25476,
-25838,
-26079,
-26200,
-26199,
-26075,
-25831,
-25467,
-24984,
-24385,
-23673,
-22850,
-21921,
-20891,
-19763,
-18544,
-17238,
-15852,
-14392,
-12866,
-11279,
-9641,
-7957,
-6236,
-4487,
-2716,
-933,
854,
2638,
4409,
6160,
7882,
9567,
11208,
12797,
14326,
15789,
17178,
18488,
19711,
20843,
21878,
22811,
23639,
24356,
24960,
25448,
25818,
26067,
26196,
26202,
26087,
25851,
25494,
25019,
24427,
23722,
22907,
21985,
20961,
19840,
18626,
17326,
15945,
14490,
12967,
11385,
9749,
8068,
6350,
4602,
2832,
1050,
-738,
-2522,
-4294,
-6046,
-7770,
-9458,
-11103,
-12695,
-14228,
-15696,
-17090,
-18405,
-19634,
-20772,
-21814,
-22754,
-23588,
-24312,
-24924,
-25420,
-25797,
-26055,
-26191,
-26206,
-26098,
-25870,
-25521,
-25054,
-24470,
-23772,
-22964,
-22049,
-21031,
-19916,
-18708,
-17413,
-16037,
-14587,
-13069,
-11490,
-9857,
-8179,
-6463,
-4716,
-2948,
-1166,
621,
2405,
4179,
5933,
7659,
9350,
10997,
12593,
14130,
15602,
17001,
18322,
19557,
20701,
21749,
22695,
23537,
24269,
24888,
25391,
25776,
26041,
26186,
26208,
26109,
25888,
25547,
25088,
24511,
23821,
23020,
22111,
21100,
19991,
18789,
17500,
16129,
14684,
13170,
11594,
9965,
8290,
6576,
4831,
3064,
1283,
-504,
-2289,
-4064,
-5819,
-7547,
=======
0,
1786,
3565,
5326,
7063,
8767,
10430,
12045,
13603,
15099,
16524,
17872,
19138,
20314,
21396,
22378,
23257,
24027,
24685,
25229,
25656,
25963,
26149,
26214,
26157,
25979,
25679,
25261,
24724,
24073,
23310,
22439,
21463,
20388,
19217,
17957,
16614,
15194,
13703,
12148,
10537,
8877,
7175,
5440,
3680,
1903,
117,
-1670,
-3449,
-5212,
-6950,
-8657,
-10323,
-11941,
-13503,
-15003,
-16433,
-17787,
-19058,
-20240,
-21328,
-22317,
-23203,
-23980,
-24646,
-25197,
-25632,
-25947,
-26141,
-26214,
-26165,
-25994,
-25703,
-25292,
-24763,
-24119,
-23363,
-22499,
-21530,
-20461,
-19296,
-18042,
-16704,
-15289,
-13802,
-12251,
-10644,
-8986,
-7287,
-5554,
-3796,
-2019,
-233,
1554,
3333,
5097,
6838,
8546,
10215,
11837,
13403,
14907,
16342,
17701,
18977,
20166,
21260,
22256,
23148,
23933,
24606,
25165,
25607,
25930,
26132,
26213,
26172,
26009,
25725,
25322,
24801,
24165,
23416,
22559,
21596,
20533,
19375,
18127,
16794,
15383,
13901,
12354,
10750,
9096,
7399,
5668,
3911,
2135,
350,
-1437,
-3217,
-4983,
-6725,
-8436,
-10108,
-11733,
-13303,
-14811,
-16251,
-17615,
-18897,
-20091,
-21192,
-22194,
-23093,
-23885,
-24565,
-25132,
-25582,
-25912,
-26122,
-26211,
-26178,
-26023,
-25747,
-25352,
-24839,
-24210,
-23468,
-22618,
-21662,
-20606,
-19454,
-18211,
-16884,
-15478,
-14000,
-12457,
-10856,
-9205,
-7511,
-5782,
-4026,
-2252,
-467,
1321,
3102,
4868,
6612,
8326,
10000,
11628,
13202,
14715,
16159,
17528,
18816,
20016,
21123,
22132,
23038,
23837,
24525,
25099,
25556,
25894,
26112,
26209,
26184,
26037,
25769,
25381,
24876,
24254,
23520,
22677,
21728,
20678,
19532,
18295,
16973,
15572,
14098,
12560,
10962,
9314,
7623,
5896,
4142,
2368,
583,
-1204,
-2986,
-4754,
-6499,
-8215,
-9892,
-11523,
-13101,
-14618,
-16067,
-17441,
-18734,
-19940,
-21054,
-22069,
-22982,
-23788,
-24483,
-25065,
-25530,
-25876,
-26102,
-26207,
-26189,
-26050,
-25790,
-25410,
-24912,
-24298,
-23571,
-22735,
-21793,
-20749,
-19609,
-18378,
-17061,
-15665,
-14197,
-12662,
-11068,
-9423,
-7734,
-6009,
-4257,
-2484,
-700,
1087,
2870,
4639,
6386,
8104,
9784,
11419,
13000,
14521,
15975,
17354,
18652,
19864,
20984,
22006,
22925,
23738,
24441,
25030,
25503,
25857,
26091,
26203,
26194,
26063,
25811,
25439,
24948,
24342,
23622,
22793,
21857,
20820,
19686,
18461,
17150,
15759,
14295,
12764,
11174,
9532,
7846,
6123,
4372,
2600,
817,
-971,
-2754,
-4524,
-6273,
-7993,
-9676,
-11313,
-12899,
-14424,
-15882,
-17266,
-18570,
-19788,
-20914,
-21942,
-22869,
-23689,
-24399,
-24995,
-25476,
-25838,
-26079,
-26200,
-26199,
-26075,
-25831,
-25467,
-24984,
-24385,
-23673,
-22850,
-21921,
-20891,
-19763,
-18544,
-17238,
-15852,
-14392,
-12866,
-11279,
-9641,
-7957,
-6236,
-4487,
-2716,
-933,
854,
2638,
4409,
6160,
7882,
9567,
11208,
12797,
14326,
15789,
17178,
18488,
19711,
20843,
21878,
22811,
23639,
24356,
24960,
25448,
25818,
26067,
26196,
26202,
26087,
25851,
25494,
25019,
24427,
23722,
22907,
21985,
20961,
19840,
18626,
17326,
15945,
14490,
12967,
11385,
9749,
8068,
6350,
4602,
2832,
1050,
-738,
-2522,
-4294,
-6046,
-7770,
-9458,
-11103,
-12695,
-14228,
-15696,
-17090,
-18405,
-19634,
-20772,
-21814,
-22754,
-23588,
-24312,
-24924,
-25420,
-25797,
-26055,
-26191,
-26206,
-26098,
-25870,
-25521,
-25054,
-24470,
-23772,
-22964,
-22049,
-21031,
-19916,
-18708,
-17413,
-16037,
-14587,
-13069,
-11490,
-9857,
-8179,
-6463,
-4716,
-2948,
-1166,
621,
2405,
4179,
5933,
7659,
9350,
10997,
12593,
14130,
15602,
17001,
18322,
19557,
20701,
21749,
22695,
23537,
24269,
24888,
25391,
25776,
26041,
26186,
26208,
26109,
25888,
25547,
25088,
24511,
23821,
23020,
22111,
21100,
19991,
18789,
17500,
16129,
14684,
13170,
11594,
9965,
8290,
6576,
4831,
3064,
1283,
-504,
-2289,
-4064,
-5819,
-7547,
>>>>>>> cbb89c5050988cb9f52fae1a28ecc029c9ebd317
