0,
841,
1680,
2518,
3354,
4186,
5013,
5836,
6652,
7462,
8264,
9057,
9841,
10615,
11378,
12130,
12869,
13594,
14306,
15003,
15685,
16350,
16999,
17630,
18243,
18837,
19412,
19967,
20501,
21015,
21506,
21976,
22423,
22847,
23247,
23624,
23976,
24303,
24606,
24883,
25135,
25361,
25560,
25734,
25881,
26001,
26095,
26162,
26201,
26214,
26200,
26159,
26092,
25997,
25875,
25727,
25553,
25352,
25125,
24872,
24594,
24291,
23962,
23609,
23231,
22830,
22405,
21957,
21487,
20994,
20480,
19945,
19389,
18813,
18218,
17605,
16973,
16323,
15657,
14975,
14277,
13565,
12839,
12099,
11347,
10584,
9809,
9025,
8231,
7429,
6619,
5802,
4979,
4152,
3320,
2484,
1646,
806,
-34,
-875,
-1715,
-2552,
-3388,
-4219,
-5047,
-5869,
-6685,
-7495,
-8296,
-9089,
-9873,
-10647,
-11409,
-12160,
-12899,
-13624,
-14335,
-15031,
-15712,
-16377,
-17025,
-17655,
-18268,
-18861,
-19435,
-19989,
-20523,
-21035,
-21526,
-21995,
-22441,
-22864,
-23263,
-23639,
-23990,
-24316,
-24618,
-24894,
-25145,
-25369,
-25568,
-25740,
-25886,
-26006,
-26098,
-26164,
-26203,
-26214,
-26199,
-26157,
-26088,
-25992,
-25870,
-25721,
-25545,
-25343,
-25115,
-24862,
-24582,
-24278,
-23948,
-23594,
-23215,
-22813,
-22387,
-21938,
-21467,
-20974,
-20459,
-19922,
-19366,
-18789,
-18194,
-17579,
-16946,
-16296,
-15630,
-14947,
-14249,
-13536,
-12809,
-12069,
-11317,
-10553,
-9778,
-8993,
-8199,
-7396,
-6586,
-5769,
-4946,
-4118,
-3286,
-2450,
-1612,
-772,
69,
909,
1749,
2587,
3422,
4253,
5081,
5903,
6718,
7528,
8329,
9122,
9905,
10678,
11440,
12191,
12928,
13653,
14364,
15059,
15740,
16404,
17051,
17681,
18292,
18885,
19458,
20011,
20544,
21056,
21545,
22013,
22458,
22880,
23279,
23653,
24004,
24329,
24630,
24905,
25154,
25378,
25576,
25747,
25892,
26010,
26101,
26166,
26204,
26214,
26198,
26155,
26085,
25988,
25864,
25714,
25537,
25334,
25105,
24851,
24570,
24265,
23934,
23579,
23199,
22796,
22369,
21920,
21447,
20953,
20437,
19900,
19343,
18765,
18169,
17554,
16920,
16270,
15602,
14919,
14220,
13506,
12779,
12038,
11286,
10521,
9746,
8960,
8166,
7363,
6552,
5735,
4912,
4084,
3251,
2416,
1578,
738,
-103,
-943,
-1783,
-2621,
-3456,
-4287,
-5114,
-5936,
-6752,
-7560,
-8361,
-9154,
-9937,
-10709,
-11471,
-12221,
-12958,
-13682,
-14392,
-15087,
-15767,
-16430,
-17077,
-17706,
-18317,
-18909,
-19481,
-20034,
-20565,
-21076,
-21565,
-22032,
-22476,
-22897,
-23295,
-23668,
-24017,
-24342,
-24641,
-24915,
-25164,
-25387,
-25583,
-25753,
-25897,
-26014,
-26104,
-26168,
-26204,
-26214,
-26197,
-26153,
-26081,
-25983,
-25859,
-25707,
-25530,
-25326,
-25096,
-24840,
-24558,
-24252,
-23920,
-23564,
-23183,
-22779,
-22351,
-21901,
-21428,
-20932,
-20416,
-19878,
-19320,
-18741,
-18144,
-17528,
-16894,
-16243,
-15575,
-14890,
-14191,
-13477,
-12749,
-12008,
-11255,
-10490,
-9714,
-8928,
-8133,
-7330,
-6519,
-5702,
-4878,
-4050,
-3217,
-2382,
-1543,
-703,
137,
978,
1817,
2655,
3490,
4321,
5148,
5969,
6785,
7593,
8394,
9186,
9968,
10741,
11502,
12251,
12988,
13712,
14421,
15116,
15794,
16457,
17103,
17731,
18341,
18932,
19504,
20056,
20587,
21096,
21585,
22050,
22494,
22914,
23310,
23683,
24031,
24355,
24653,
24926,
25174,
25395,
25591,
25760,
25902,
26018,
26108,
26170,
26205,
26214,
26196,
26150,
26078,
25979,
25853,
25701,
25522,
25317,
25086,
24829,
24546,
24239,
23906,
23549,
23167,
22762,
22334,
21882,
21408,
20912,
20394,
19855,
19296,
18717,
18119,
17503,
16868,
16216,
15547,
14862,
14162,
13447,
12719,
11977,
11224,
10458,
9682,
8896,
8101,
7297,
6486,
5668,
4845,
4016,
3183,
2347,
1509,
669,
-172,
-1012,
-1851,
-2689,
-3524,
-4355,
-5181,
-6003,
-6818,
-7626,
-8426,
-9218,
-10000,
-10772,
-11533,
-12282,
-13018,
-13741,
-14450,
-15144,
-15822,
-16484,
-17129,
-17757,
-18366,
-18956,
-19527,
-20078,
-20608,
-21117,
-21604,
-22069,
-22511,
-22930,
-23326,
-23698,
-24045,
-24367,
-24665,
-24937,
-25183,
-25404,
-25598,
-25766,
-25908,
-26022,
-26111,
-26172,
-26206,
-26214,
-26194,
-26148,
-26074,
-25974,
-25847,
-25694,
-25514,
-25308,
-25076,
-24818,
-24534,
-24226,
-23892,
-23534,
-23151,
-22745,
-22316,
-21863,
-21388,
-20891,
-20372,
-19833,
-19273,
-18693,
-18095,
-17477,
-16842,
-16189,
-15519,
-14834,
-14133,
-13418,
-12689,
-11947,
-11193,
-10427,
-9650,
-8864,
-8068,
-7264,
-6453,
-5635,
-4811,
-3982,
-3149,
-2313,
-1475,
-635,
206,
1046,
1886,
2723,
3558,
4389,
5215,
6036,
6851,
7659,
8459,
9250,
10032,
10803,
11564,
12312,
13048,
13770,
14478,
15172,
15849,
16511,
17155,
17782,
18390,
18980,
19550,
20100,
20629,
21137,
21623,
22087,
22529,
22947,
23342,
23712,
24058,
24380,
24676,
24947,
25193,
25412,
25605,
25772,
25913,
26027,
26114,
26174,
26207,
26213,
26193,
26145,
26071,
25970,
25842,
25687,
25506,
25299,
25066,
24807,
24522,
24212,
23878,
23519,
23135,
22728,
22297,
21844,
21368,
20870,
20351,
19811,
19250,
18669,
18070,
17451,
16815,
16162,
15492,
14806,
14104,
13388,
12659,
11916,
11162,
10395,
9618,
8831,
8035,
7231,
6419,
5601,
4777,
3948,
3115,
2279,
1440,
600,
-240,
-1081,
-1920,
-2757,
-3592,
-4422,
-5249,
-6070,
-6884,
-7692,
-8491,
-9282,
-10064,
-10834,
-11594,
-12342,
-13077,
-13799,
-14507,
-15199,
-15877,
-16537,
-17181,
-17807,
-18415,
-19003,
-19573,
-20122,
-20650,
-21157,
-21643,
-22106,
-22546,
-22964,
-23357,
-23727,
-24072,
-24392,
-24688,
-24958,
-25202,
-25420,
-25613,
-25779,
-25918,
-26031,
-26117,
-26176,
-26208,
-26213,
-26191,
-26143,
-26067,
-25965,
-25836,
-25680,
-25498,
-25290,
-25056,
-24795,
-24510,
-24199,
-23864,
-23503,
-23119,
-22711,
-22279,
-21825,
-21348,
-20849,
-20329,
-19788,
-19227,
-18645,
-18045,
-17426,
-16789,
-16135,
-15464,
-14777,
-14075,
-13359,
-12629,
-11886,
-11130,
-10364,
-9586,
-8799,
-8003,
-7198,
-6386,
-5568,
-4743,
-3914,
-3081,
-2245,
-1406,
-566,
275,
1115,
1954,
2791,
3626,
4456,
5282,
6103,
6917,
7724,
8524,
9314,
10095,
10866,
11625,
12373,
13107,
13828,
14535,
15227,
15904,
16564,
17207,
17832,
18439,
19027,
19595,
20144,
20671,
21178,
21662,
22124,
22564,
22980,
23373,
23741,
24086,
24405,
24699,
24968,
25211,
25429,
25620,
25785,
25923,
26035,
26120,
26178,
26209,
26213,
26190,
26140,
26064,
25960,
25830,
25673,
25490,
25281,
25045,
24784,
24498,
24186,
23849,
23488,
23103,
22694,
22261,
21806,
21328,
20829,
20307,
19765,
19203,
18621,
18020,
17400,
16763,
16108,
15436,
14749,
14046,
13329,
12599,
11855,
11099,
10332,
9554,
8767,
7970,
7165,
6353,
5534,
4710,
3880,
3047,
2211,
1372,
532,
-309,
-1149,
-1988,
-2825,
-3660,
-4490,
-5316,
-6136,
-6950,
-7757,
-8556,
-9346,
-10127,
-10897,
-11656,
-12403,
-13137,
-13858,
-14564,
-15255,
-15931,
-16590,
-17233,
-17857,
-18463,
-19051,
-19618,
-20166,
-20692,
-21198,
-21681,
-22143,
-22581,
-22997,
-23388,
-23756,
-24099,
-24417,
-24711,
-24979,
-25221,
-25437,
-25627,
-25791,
-25928,
-26039,
-26122,
-26179,
-26209,
-26212,
-26188,
-26138,
-26060,
-25955,
-25824,
-25666,
-25482,
-25272,
-25035,
-24773,
-24486,
-24173,
-23835,
-23473,
-23087,
-22677,
-22243,
-21787,
-21308,
-20808,
-20286,
-19743,
-19180,
-18597,
-17995,
-17374,
-16736,
-16081,
-15408,
-14720,
-14017,
-13300,
-12569,
-11825,
-11068,
-10301,
-9522,
-8734,
-7937,
-7132,
-6320,
-5501,
-4676,
-3846,
-3013,
-2176,
-1338,
-498,
343,
1183,
2023,
2860,
3694,
4524,
5350,
6170,
6983,
7790,
8589,
9378,
10158,
10928,
11687,
12433,
13167,
13887,
14592,
15283,
15958,
16617,
17259,
17882,
18488,
19074,
19641,
20188,
20713,
21218,
21701,
22161,
22599,
23013,
23404,
23770,
24113,
24430,
24722,
24989,
25230,
25445,
25634,
25797,
25933,
26043,
26125,
26181,
26210,
26212,
26187,
26135,
26056,
25950,
25818,
25659,
25474,
25263,
25025,
24762,
24473,
24159,
23821,
23458,
23070,
22659,
22225,
21768,
21288,
20787,
20264,
19720,
19156,
18573,
17970,
17349,
16710,
16053,
15381,
14692,
13988,
13270,
12539,
11794,
11037,
10269,
9490,
8702,
7905,
7099,
6286,
5467,
4642,
3813,
2979,
2142,
1303,
463,
-377,
-1218,
-2057,
-2894,
-3728,
-4558,
-5383,
-6203,
-7017,
-7823,
-8621,
-9410,
-10190,
-10959,
-11717,
-12463,
-13196,
-13916,
-14621,
-15311,
-15986,
-16643,
-17284,
-17907,
-18512,
-19098,
-19664,
-20209,
-20734,
-21238,
-21720,
-22179,
-22616,
-23029,
-23419,
-23785,
-24126,
-24442,
-24734,
-24999,
-25239,
-25454,
-25642,
-25803,
-25938,
-26047,
-26128,
-26183,
-26211,
-26211,
-26185,
-26132,
-26052,
-25946,
-25812,
-25652,
-25466,
-25253,
-25015,
-24751,
-24461,
-24146,
-23806,
-23442,
-23054,
-22642,
-22207,
-21749,
-21268,
-20766,
-20242,
-19698,
-19133,
-18549,
-17945,
-17323,
-16683,
-16026,
-15353,
-14664,
-13959,
-13241,
-12508,
-11763,
-11006,
-10238,
-9458,
-8670,
-7872,
-7066,
-6253,
-5433,
-4608,
-3779,
-2945,
-2108,
-1269,
-429,
412,
1252,
2091,
2928,
3762,
4592,
5417,
6236,
7050,
7856,
8653,
9442,
10222,
10990,
11748,
12493,
13226,
13945,
14649,
15339,
16013,
16670,
17310,
17932,
18536,
19121,
19686,
20231,
20755,
21258,
21739,
22198,
22633,
23046,
23435,
23799,
24139,
24455,
24745,
25010,
25249,
25462,
25649,
25809,
25943,
26050,
26131,
26184,
26211,
26211,
26184,
26130,
26048,
25941,
25806,
25645,
25458,
25244,
25005,
24739,
24449,
24133,
23792,
23427,
23038,
22625,
22189,
21730,
21248,
20745,
20220,
19675,
19109,
18524,
17920,
17297,
16657,
15999,
15325,
14635,
13930,
13211,
12478,
11733,
10975,
10206,
9426,
8637,
7839,
7033,
6220,
5400,
4575,
3745,
2911,
2074,
1235,
395,
-446,
-1286,
-2125,
-2962,
-3796,
-4625,
-5450,
-6270,
-7083,
-7888,
-8686,
-9474,
-10253,
-11022,
-11779,
-12524,
-13256,
-13974,
-14678,
-15367,
-16040,
-16696,
-17336,
-17957,
-18561,
-19145,
-19709,
-20253,
-20776,
-21278,
-21758,
-22216,
-22651,
-23062,
-23450,
-23814,
-24153,
-24467,
-24756,
-25020,
-25258,
-25470,
-25656,
-25815,
-25948,
-26054,
-26134,
-26186,
-26212,
-26210,
-26182,
-26127,
-26045,
-25936,
-25800,
-25638,
-25449,
-25235,
-24994,
-24728,
-24436,
-24119,
-23778,
-23411,
-23021,
-22607,
-22170,
-21710,
-21228,
-20724,
-20199,
-19652,
-19086,
-18500,
-17895,
-17271,
-16630,
-15972,
-15297,
-14607,
-13901,
-13181,
-12448,
-11702,
-10944,
-10174,
-9394,
-8605,
-7806,
-7000,
-6186,
-5366,
-4541,
-3711,
-2877,
-2040,
-1201,
-360,
480,
1321,
2159,
2996,
3829,
4659,
5484,
6303,
7116,
7921,
8718,
9506,
10285,
11053,
11809,
12554,
13285,
14003,
14706,
15395,
16067,
16723,
17362,
17982,
18585,
19168,
19732,
20275,
20797,
21298,
21777,
22234,
22668,
23078,
23465,
23828,
24166,
24479,
24768,
25030,
25267,
25478,
25663,
25821,
25953,
26058,
26136,
26188,
26212,
26210,
26180,
26124,
26041,
25931,
25794,
25631,
25441,
25226,
24984,
24717,
24424,
24106,
23763,
23396,
23005,
22590,
22152,
21691,
21208,
20703,
20177,
19630,
19062,
18476,
17870,
17246,
16604,
15945,
15269,
14578,
13872,
13152,
12418,
11671,
10913,
10143,
9362,
8572,
7774,
6967,
6153,
5333,
4507,
3677,
2843,
2005,
1166,
326,
-515,
-1355,
-2194,
-3030,
-3863,
-4693,
-5517,
-6336,
-7149,
-7954,
-8751,
-9538,
-10316,
-11084,
-11840,
-12584,
-13315,
-14032,
-14735,
-15422,
-16094,
-16749,
-17387,
-18007,
-18609,
-19191,
-19754,
-20297,
-20818,
-21318,
-21796,
-22252,
-22685,
-23095,
-23481,
-23842,
-24179,
-24492,
-24779,
-25040,
-25276,
-25486,
-25670,
-25827,
-25958,
-26062,
-26139,
-26189,
-26213,
-26209,
-26178,
-26121,
-26037,
-25926,
-25788,
-25624,
-25433,
-25216,
-24973,
-24705,
-24411,
-24092,
-23749,
-23381,
-22988,
-22573,
-22134,
-21672,
-21188,
-20682,
-20155,
-19607,
-19039,
-18451,
-17845,
-17220,
-16577,
-15917,
-15241,
-14550,
-13843,
-13122,
-12388,
-11640,
-10881,
-10111,
-9330,
-8540,
-7741,
-6934,
-6120,
-5299,
-4473,
-3643,
-2808,
-1971,
-1132,
-292,
549,
1389,
2228,
3064,
3897,
4727,
5551,
6370,
7182,
7986,
8783,
9570,
10348,
11115,
11871,
12614,
13344,
14061,
14763,
15450,
16121,
16776,
17413,
18032,
18633,
19215,
19777,
20318,
20839,
21338,
21816,
22270,
22702,
23111,
23496,
23856,
24193,
24504,
24790,
25050,
25285,
25494,
25677,
25833,
25962,
26065,
26141,
26191,
26213,
26208,
26177,
26118,
26033,
25921,
25782,
25616,
25425,
25207,
24963,
24694,
24399,
24079,
23734,
23365,
22972,
22555,
22115,
21652,
21167,
20661,
20133,
19584,
19015,
18427,
17820,
17194,
16551,
15890,
15213,
14521,
13814,
13092,
12357,
11610,
10850,
10079,
9298,
8508,
7708,
6901,
6086,
5266,
4439,
3609,
2774,
1937,
1098,
257,
-583,
-1423,
-2262,
-3098,
-3931,
-4760,
-5584,
-6403,
-7215,
-8019,
-8815,
-9602,
-10379,
-11146,
-11901,
-12644,
-13374,
-14090,
-14791,
-15478,
-16148,
-16802,
-17439,
-18057,
-18657,
-19238,
-19799,
-20340,
-20860,
-21358,
-21835,
-22288,
-22719,
-23127,
-23511,
-23871,
-24206,
-24516,
-24801,
-25061,
-25294,
-25502,
-25684,
-25839,
-25967,
-26069,
-26144,
-26192,
-26213,
-26208,
-26175,
-26115,
-26029,
-25915,
-25775,
-25609,
-25416,
-25197,
-24952,
-24682,
-24386,
-24065,
-23719,
-23349,
-22955,
-22538,
-22097,
-21633,
-21147,
-20640,
-20111,
-19561,
-18992,
-18402,
-17794,
-17168,
-16524,
-15863,
-15186,
-14493,
-13785,
-13063,
-12327,
-11579,
-10819,
-10048,
-9266,
-8475,
-7675,
-6868,
-6053,
-5232,
-4406,
-3575,
-2740,
-1903,
-1063,
-223,
618,
1458,
2296,
3132,
3965,
4794,
5618,
6436,
7248,
8052,
8848,
9634,
10411,
11177,
11932,
12674,
13403,
14119,
14820,
15505,
16175,
16828,
17464,
18082,
18681,
19261,
19822,
20362,
20881,
21378,
21854,
22307,
22737,
23143,
23526,
23885,
24219,
24528,
24812,
25071,
25303,
25510,
25690,
25844,
25972,
26073,
26146,
26194,
26214,
26207,
26173,
26112,
26025,
25910,
25769,
25602,
25408,
25188,
24942,
24670,
24374,
24052,
23705,
23334,
22939,
22520,
22078,
21614,
21127,
20618,
20089,
19538,
18968,
18378,
17769,
17142,
16497,
15836,
15158,
14464,
13755,
13033,
12297,
11548,
10788,
10016,
9234,
8443,
7642,
6834,
6019,
5198,
4372,
3541,
2706,
1869,
1029,
189,
-652,
-1492,
-2330,
-3166,
-3999,
-4828,
-5651,
-6469,
-7281,
-8084,
-8880,
-9666,
-10442,
-11208,
-11962,
-12704,
-13433,
-14148,
-14848,
-15533,
-16202,
-16855,
-17490,
-18107,
-18705,
-19285,
-19844,
-20383,
-20901,
-21398,
-21872,
-22325,
-22754,
-23159,
-23541,
-23899,
-24232,
-24540,
-24823,
-25081,
-25312,
-25518,
-25697,
-25850,
-25976,
-26076,
-26149,
-26195,
-26214,
-26206,
-26171,
-26109,
-26020,
-25905,
-25763,
-25594,
-25399,
-25178,
-24931,
-24659,
-24361,
-24038,
-23690,
-23318,
-22922,
-22502,
-22060,
-21594,
-21107,
-20597,
-20067,
-19515,
-18944,
-18354,
-17744,
-17116,
-16471,
-15808,
-15130,
-14435,
-13726,
-13003,
-12266,
-11517,
-10756,
-9984,
-9202,
-8410,
-7610,
-6801,
-5986,
-5165,
-4338,
-3507,
-2672,
-1834,
-995,
-154,
686,
1526,
2364,
3200,
4033,
4862,
5685,
6503,
7314,
8117,
8912,
9698,
10474,
11239,
11993,
12734,
13462,
14177,
14876,
15561,
16229,
16881,
17515,
18132,
18729,
19308,
19867,
20405,
20922,
21418,
21891,
22342,
22771,
23175,
23556,
23913,
24245,
24552,
24834,
25091,
25321,
25526,
25704,
25856,
25981,
26080,
26151,
26196,
26214,
26205,
26169,
26106,
26016,
25900,
25756,
25587,
25391,
25169,
24921,
24647,
24348,
24024,
23675,
23302,
22905,
22485,
22041,
21575,
21086,
20576,
20045,
19493,
18921,
18329,
17719,
17090,
16444,
15781,
15101,
14407,
13697,
12973,
12236,
11486,
10725,
9953,
9170,
8378,
