0,
762,
1523,
2282,
3040,
3796,
4548,
5296,
6040,
6778,
7511,
8238,
8957,
9669,
10373,
11068,
11754,
12430,
13095,
13750,
14392,
15023,
15641,
16245,
16836,
17413,
17975,
18522,
19053,
19568,
20067,
20548,
21013,
21459,
21888,
22297,
22689,
23061,
23413,
23746,
24058,
24351,
24623,
24873,
25103,
25312,
25500,
25666,
25810,
25932,
26033,
26111,
26168,
26202,
26214,
26204,
26172,
26118,
26042,
25944,
25824,
25682,
25519,
25334,
25127,
24899,
24651,
24381,
24091,
23781,
23450,
23100,
22730,
22341,
21933,
21506,
21062,
20599,
20120,
19623,
19109,
18580,
18035,
17474,
16899,
16310,
15707,
15090,
14461,
13820,
13167,
12502,
11828,
11143,
10449,
9746,
9035,
8316,
7590,
6858,
6120,
5376,
4629,
3877,
3122,
2364,
1605,
844,
82,
-679,
-1440,
-2200,
-2958,
-3714,
-4466,
-5215,
-5959,
-6699,
-7432,
-8159,
-8880,
-9593,
-10298,
-10994,
-11680,
-12357,
-13024,
-13679,
-14323,
-14955,
-15575,
-16181,
-16773,
-17351,
-17915,
-18463,
-18996,
-19513,
-20014,
-20497,
-20963,
-21412,
-21842,
-22254,
-22647,
-23021,
-23376,
-23711,
-24026,
-24320,
-24594,
-24847,
-25080,
-25291,
-25480,
-25649,
-25795,
-25920,
-26023,
-26104,
-26163,
-26199,
-26214,
-26207,
-26177,
-26125,
-26052,
-25956,
-25838,
-25699,
-25537,
-25355,
-25150,
-24925,
-24679,
-24411,
-24123,
-23815,
-23487,
-23138,
-22771,
-22384,
-21978,
-21553,
-21111,
-20650,
-20172,
-19677,
-19166,
-18638,
-18095,
-17536,
-16962,
-16374,
-15773,
-15158,
-14530,
-13890,
-13238,
-12575,
-11901,
-11217,
-10524,
-9822,
-9112,
-8394,
-7669,
-6937,
-6200,
-5457,
-4710,
-3958,
-3204,
-2446,
-1687,
-926,
-165,
597,
1358,
2118,
2877,
3632,
4385,
5134,
5879,
6619,
7353,
8081,
8802,
9516,
10222,
10919,
11607,
12285,
12952,
13609,
14254,
14888,
15508,
16116,
16710,
17290,
17855,
18405,
18940,
19458,
19960,
20446,
20914,
21364,
21796,
22210,
22606,
22982,
23338,
23675,
23992,
24289,
24565,
24821,
25056,
25269,
25461,
25632,
25780,
25908,
26013,
26096,
26157,
26197,
26214,
26209,
26181,
26132,
26061,
25967,
25852,
25715,
25556,
25375,
25174,
24950,
24706,
24441,
24155,
23849,
23523,
23177,
22811,
22426,
22023,
21600,
21159,
20701,
20225,
19732,
19222,
18696,
18154,
17597,
17025,
16439,
15838,
15225,
14598,
13959,
13309,
12647,
11974,
11292,
10600,
9899,
9189,
8472,
7747,
7017,
6280,
5538,
4791,
4040,
3286,
2528,
1769,
1009,
247,
-515,
-1276,
-2036,
-2795,
-3551,
-4304,
-5054,
-5799,
-6539,
-7274,
-8003,
-8725,
-9439,
-10146,
-10844,
-11533,
-12212,
-12881,
-13539,
-14185,
-14820,
-15442,
-16051,
-16646,
-17228,
-17794,
-18346,
-18882,
-19403,
-19907,
-20394,
-20864,
-21316,
-21751,
-22167,
-22564,
-22942,
-23301,
-23640,
-23959,
-24258,
-24537,
-24794,
-25031,
-25247,
-25441,
-25614,
-25765,
-25895,
-26002,
-26088,
-26152,
-26193,
-26213,
-26210,
-26185,
-26138,
-26069,
-25978,
-25865,
-25731,
-25574,
-25396,
-25196,
-24976,
-24734,
-24471,
-24187,
-23883,
-23559,
-23215,
-22852,
-22469,
-22067,
-21647,
-21208,
-20751,
-20277,
-19786,
-19278,
-18753,
-18213,
-17658,
-17087,
-16503,
-15904,
-15292,
-14666,
-14029,
-13380,
-12719,
-12048,
-11366,
-10675,
-9975,
-9266,
-8550,
-7826,
-7096,
-6360,
-5618,
-4872,
-4121,
-3367,
-2610,
-1851,
-1091,
-329,
432,
1194,
1954,
2713,
3469,
4223,
4973,
5718,
6459,
7195,
7924,
8647,
9362,
10070,
10769,
11459,
12139,
12809,
13468,
14116,
14752,
15375,
15986,
16582,
17165,
17734,
18287,
18825,
19347,
19853,
20342,
20814,
21268,
21705,
22123,
22522,
22902,
23263,
23604,
23926,
24227,
24508,
24768,
25007,
25225,
25421,
25596,
25750,
25882,
25992,
26080,
26146,
26190,
26212,
26211,
26189,
26145,
26078,
25989,
25879,
25746,
25592,
25416,
25219,
25000,
24761,
24500,
24219,
23917,
23595,
23254,
22892,
22511,
22111,
21693,
21256,
20801,
20329,
19840,
