0,
1612,
3217,
4811,
6386,
7937,
9458,
10944,
12388,
13785,
15130,
16417,
17643,
18801,
19889,
20901,
21835,
22685,
23450,
24126,
24711,
25202,
25598,
25897,
26098,
26200,
26204,
26108,
25913,
25620,
25230,
24745,
24166,
23496,
22737,
21891,
20963,
19956,
18873,
17719,
16497,
15213,
13872,
12478,
11037,
9554,
8035,
6486,
4912,
3320,
1715,
103,
-1509,
-3115,
-4710,
-6286,
-7839,
-9362,
-10850,
-12297,
-13697,
-15045,
-16337,
-17566,
-18729,
-19822,
-20839,
-21777,
-22633,
-23404,
-24086,
-24676,
-25174,
-25576,
-25881,
-26088,
-26197,
-26206,
-26117,
-25928,
-25642,
-25258,
-24779,
-24206,
-23541,
-22788,
-21948,
-21025,
-20022,
-18944,
-17794,
-16577,
-15297,
-13959,
-12569,
-11130,
-9650,
-8133,
-6586,
-5013,
-3422,
-1817,
-206,
1406,
3013,
4608,
6186,
7741,
9266,
10756,
12206,
13609,
14961,
16256,
17490,
18657,
19754,
20776,
21720,
22581,
23357,
24045,
24641,
25145,
25553,
25864,
26078,
26193,
26209,
26125,
25943,
25663,
25285,
24812,
24245,
23586,
22838,
22004,
21086,
20089,
19015,
17870,
16657,
15381,
14046,
12659,
11224,
9746,
8231,
6685,
5114,
3524,
1920,
309,
-1303,
-2911,
-4507,
-6086,
-7642,
-9170,
-10662,
-12115,
-13521,
-14876,
-16175,
-17413,
-18585,
-19686,
-20713,
-21662,
-22529,
-23310,
-24004,
-24606,
-25115,
-25530,
-25847,
-26067,
-26188,
-26211,
-26134,
-25958,
-25684,
-25312,
-24845,
-24284,
-23631,
-22889,
-22060,
-21147,
-20155,
-19086,
-17945,
-16736,
-15464,
-14133,
-12749,
-11317,
-9841,
-8329,
-6785,
-5215,
-3626,
-2023,
-412,
1201,
2808,
4406,
5986,
7544,
9073,
10568,
12023,
13433,
14791,
16094,
17336,
18512,
19618,
20650,
21604,
22476,
23263,
23962,
24570,
25086,
25506,
25830,
26056,
26184,
26212,
26141,
25972,
25704,
25339,
24878,
24323,
23675,
22939,
22115,
21208,
20220,
19156,
18020,
16815,
15547,
14220,
12839,
11409,
9937,
8426,
6884,
5316,
3728,
2125,
515,
-1098,
-2706,
-4304,
-5886,
-7445,
-8977,
-10474,
-11932,
-13344,
-14706,
-16013,
-17259,
-18439,
-19550,
-20587,
-21545,
-22423,
-23215,
-23920,
-24534,
-25056,
-25482,
-25812,
-26045,
-26178,
-26213,
-26149,
-25986,
-25724,
-25365,
-24910,
-24361,
-23719,
-22988,
-22170,
-21268,
-20286,
-19227,
-18095,
-16894,
-15630,
-14306,
-12928,
-11502,
-10032,
-8524,
-6983,
-5417,
-3829,
-2228,
-618,
995,
2604,
4202,
5785,
7347,
8880,
10379,
11840,
13256,
14621,
15931,
17181,
18366,
19481,
20523,
21487,
22369,
23167,
23878,
24498,
25025,
25458,
25794,
26033,
26173,
26214,
26156,
25999,
25744,
25391,
24942,
24399,
23763,
23038,
22225,
21328,
20351,
19296,
18169,
16973,
15712,
14392,
13018,
11594,
10127,
8621,
7083,
5517,
3931,
2330,
721,
-892,
-2501,
-4101,
-5685,
-7248,
-8783,
-10285,
-11748,
-13167,
-14535,
-15849,
-17103,
-18292,
-19412,
-20459,
-21428,
-22316,
-23119,
-23835,
-24461,
-24994,
-25433,
-25775,
-26020,
-26167,
-26214,
-26163,
-26012,
-25763,
-25416,
-24973,
-24436,
-23806,
-23087,
-22279,
-21388,
-20416,
-19366,
-18243,
-17051,
-15794,
-14478,
-13107,
-11687,
-10222,
-8718,
-7182,
-5618,
-4033,
-2433,
-823,
789,
2399,
3999,
5584,
7149,
8686,
10190,
11656,
13077,
14450,
15767,
17025,
18218,
19343,
20394,
21368,
22261,
23070,
23792,
24424,
24963,
25408,
25756,
26008,
26160,
26214,
26169,
26025,
25782,
25441,
25005,
24473,
23849,
23135,
22334,
21447,
20480,
19435,
18317,
17129,
15877,
14564,
13196,
11779,
10316,
8815,
7281,
5718,
4135,
2535,
926,
-686,
-2296,
-3897,
-5484,
-7050,
-8589,
-10095,
-11564,
-12988,
-14364,
-15685,
-16946,
-18144,
-19273,
-20329,
-21308,
-22207,
-23021,
-23749,
-24386,
-24931,
-25382,
-25737,
-25995,
-26154,
-26214,
-26175,
-26037,
-25800,
-25466,
-25035,
-24510,
-23892,
-23183,
-22387,
-21506,
-20544,
-19504,
-18390,
-17207,
-15958,
-14649,
-13285,
-11871,
-10411,
-8912,
-7379,
-5819,
-4236,
-2638,
-1029,
583,
2194,
3796,
5383,
6950,
8491,
10000,
11471,
12899,
14277,
15602,
16868,
18070,
19203,
20264,
21248,
22152,
22972,
23705,
24348,
24899,
25356,
25717,
25981,
26146,
26213,
26180,
26048,
25818,
25490,
25066,
24546,
23934,
23231,
22441,
21565,
20608,
19573,
18463,
17284,
16040,
14735,
13374,
11962,
10505,
9009,
7478,
5919,
4338,
2740,
1132,
-480,
-2091,
-3694,
-5282,
-6851,
-8394,
-9905,
-11378,
-12809,
-14191,
-15519,
-16789,
-17995,
-19133,
-20199,
-21188,
-22097,
-22922,
-23661,
-24310,
-24867,
-25330,
-25697,
-25967,
-26139,
-26212,
-26185,
-26060,
-25836,
-25514,
-25096,
-24582,
-23976,
-23279,
-22494,
-21623,
-20671,
-19641,
-18536,
-17362,
-16121,
-14820,
-13462,
-12054,
-10600,
-9105,
-7577,
-6019,
-4439,
-2843,
-1235,
377,
1988,
3592,
5181,
6752,
8296,
9809,
11286,
12719,
14104,
15436,
16710,
17920,
19062,
20133,
21127,
22041,
22872,
23616,
24271,
24834,
25303,
25677,
25953,
26131,
26210,
26190,
26071,
25853,
25537,
25125,
24618,
24017,
23326,
22546,
21681,
20734,
19709,
18609,
17439,
16202,
14905,
13550,
12145,
10694,
9202,
7675,
6120,
4541,
2945,
1338,
-275,
-1886,
-3490,
-5081,
-6652,
-8199,
-9714,
-11193,
-12629,
-14017,
-15353,
-16630,
-17845,
-18992,
-20067,
-21066,
-21985,
-22821,
-23571,
-24232,
-24801,
-25276,
-25656,
-25938,
-26122,
-26208,
-26194,
-26081,
-25870,
-25560,
-25154,
-24653,
-24058,
-23373,
-22599,
-21739,
-20797,
-19777,
-18681,
-17515,
-16283,
-14989,
-13638,
-12236,
-10788,
-9298,
-7774,
-6220,
-4642,
-3047,
-1440,
172,
1783,
3388,
4979,
6552,
8101,
9618,
11099,
12539,
13930,
15269,
16551,
17769,
18921,
20000,
21004,
21929,
22771,
23526,
24193,
24768,
25249,
25634,
25923,
26114,
26205,
26198,
26092,
25886,
25583,
25183,
24688,
24099,
23419,
22651,
21796,
20860,
19844,
18753,
17592,
16364,
15073,
13726,
12327,
10881,
9394,
7872,
6320,
4743,
3149,
1543,
-69,
-1680,
-3286,
-4878,
-6453,
-8003,
-9522,
-11006,
-12448,
-13843,
-15186,
-16471,
-17693,
-18849,
-19934,
-20943,
-21872,
-22719,
-23481,
-24153,
-24734,
-25221,
-25613,
-25908,
-26104,
-26203,
-26201,
-26101,
-25902,
-25605,
-25211,
-24722,
-24139,
-23465,
-22702,
-21854,
-20922,
-19911,
-18825,
-17668,
-16444,
-15158,
-13814,
-12418,
-10975,
-9490,
-7970,
-6419,
-4845,
-3251,
-1646,
-34,
1578,
3183,
4777,
6353,
7905,
9426,
10913,
12357,
13755,
15101,
16390,
17617,
18777,
19867,
20881,
21816,
22668,
23435,
24113,
24699,
25193,
25591,
25892,
26095,
26199,
26204,
26111,
25918,
25627,
25239,
24756,
24179,
23511,
22754,
21910,
20984,
19978,
18897,
17744,
16524,
15241,
13901,
12508,
11068,
9586,
8068,
6519,
4946,
3354,
1749,
137,
-1475,
-3081,
-4676,
-6253,
-7806,
-9330,
-10819,
-12266,
-13668,
-15017,
-16310,
-17541,
-18705,
-19799,
-20818,
-21758,
-22616,
-23388,
-24072,
-24665,
-25164,
-25568,
-25875,
-26085,
-26196,
-26207,
-26120,
-25933,
-25649,
-25267,
-24790,
-24219,
-23556,
-22805,
-21967,
-21045,
-20045,
-18968,
-17820,
-16604,
-15325,
-13988,
-12599,
-11162,
-9682,
-8166,
-6619,
-5047,
-3456,
-1851,
-240,
1372,
2979,
4575,
6153,
7708,
9234,
10725,
12175,
13580,
14933,
16229,
17464,
18633,
19732,
20755,
21701,
22564,
23342,
24031,
24630,
25135,
25545,
25859,
26074,
26191,
26209,
26128,
25948,
25670,
25294,
24823,
24258,
23601,
22855,
22023,
21107,
20111,
19039,
17895,
16683,
15408,
14075,
12689,
11255,
9778,
8264,
6718,
5148,
3558,
1954,
343,
-1269,
-2877,
-4473,
-6053,
-7610,
-9138,
-10631,
-12084,
-13492,
-14848,
-16148,
-17387,
-18561,
-19664,
-20692,
-21643,
-22511,
-23295,
-23990,
-24594,
-25105,
-25522,
-25842,
-26064,
-26187,
-26211,
-26136,
-25962,
-25690,
-25321,
-24856,
-24297,
-23646,
-22905,
-22078,
-21167,
-20177,
-19109,
-17970,
-16763,
-15492,
-14162,
-12779,
-11347,
-9873,
-8361,
-6818,
-5249,
-3660,
-2057,
-446,
1166,
2774,
4372,
5953,
7511,
9041,
10537,
11993,
13403,
14763,
16067,
17310,
18488,
19595,
20629,
21585,
22458,
23247,
23948,
24558,
25076,
25498,
25824,
26052,
26182,
26213,
26144,
25976,
25711,
25348,
24889,
24335,
23690,
22955,
22134,
21228,
20242,
19180,
18045,
16842,
15575,
14249,
12869,
11440,
9968,
8459,
6917,
5350,
3762,
2159,
549,
-1063,
-2672,
-4270,
-5852,
-7412,
-8944,
-10442,
-11901,
-13315,
-14678,
-15986,
-17233,
-18415,
-19527,
-20565,
-21526,
-22405,
-23199,
-23906,
-24522,
-25045,
-25474,
-25806,
-26041,
-26177,
-26214,
-26151,
-25990,
-25731,
-25374,
-24921,
-24374,
-23734,
-23005,
-22189,
-21288,
-20307,
-19250,
-18119,
-16920,
-15657,
-14335,
-12958,
-11533,
-10064,
-8556,
-7017,
-5450,
-3863,
-2262,
-652,
961,
2569,
4169,
5752,
7314,
8848,
10348,
11809,
13226,
14592,
15904,
17155,
18341,
19458,
20501,
21467,
22351,
23151,
23864,
24486,
25015,
25449,
25788,
26029,
26171,
26214,
26158,
26003,
25750,
25399,
24952,
24411,
23778,
23054,
22243,
21348,
20372,
19320,
18194,
16999,
15740,
14421,
13048,
11625,
10158,
8653,
7116,
5551,
3965,
2364,
755,
-858,
-2467,
-4067,
-5651,
-7215,
-8751,
-10253,
-11717,
-13137,
-14507,
-15822,
-17077,
-18268,
-19389,
-20437,
-21408,
-22297,
-23103,
-23821,
-24449,
-24984,
-25425,
-25769,
-26016,
-26165,
-26214,
-26165,
-26016,
-25769,
-25425,
-24984,
-24449,
-23821,
-23103,
-22297,
-21408,
-20437,
-19389,
-18268,
-17077,
-15822,
-14507,
-13137,
-11717,
-10253,
-8751,
-7215,
-5651,
-4067,
-2467,
-858,
755,
2364,
3965,
5551,
7116,
8653,
10158,
11625,
13048,
14421,
15740,
16999,
18194,
19320,
20372,
21348,
22243,
23054,
23778,
24411,
24952,
25399,
25750,
26003,
26158,
26214,
26171,
26029,
25788,
25449,
25015,
24486,
23864,
23151,
22351,
21467,
20501,
19458,
18341,
17155,
15904,
14592,
13226,
11809,
10348,
8848,
7314,
5752,
4169,
2569,
961,
-652,
-2262,
-3863,
-5450,
-7017,
-8556,
-10064,
-11533,
-12958,
-14335,
-15657,
-16920,
-18119,
-19250,
-20307,
-21288,
-22189,
-23005,
-23734,
-24374,
-24921,
-25374,
-25731,
-25990,
-26151,
-26214,
-26177,
-26041,
-25806,
-25474,
-25045,
-24522,
-23906,
-23199,
-22405,
-21526,
-20565,
-19527,
-18415,
-17233,
-15986,
-14678,
-13315,
-11901,
-10442,
-8944,
-7412,
-5852,
-4270,
-2672,
-1063,
549,
2159,
3762,
5350,
6917,
8459,
9968,
11440,
12869,
14249,
15575,
16842,
18045,
19180,
20242,
21228,
22134,
22955,
23690,
24335,
24889,
25348,
25711,
25976,
26144,
26213,
26182,
26052,
25824,
25498,
25076,
24558,
23948,
23247,
22458,
21585,
20629,
19595,
18488,
17310,
16067,
14763,
13403,
11993,
10537,
9041,
7511,
5953,
4372,
2774,
1166,
-446,
-2057,
-3660,
-5249,
-6818,
-8361,
-9873,
-11347,
-12779,
-14162,
-15492,
-16763,
-17970,
-19109,
-20177,
-21167,
-22078,
-22905,
-23646,
-24297,
-24856,
-25321,
-25690,
-25962,
-26136,
-26211,
-26187,
-26064,
-25842,
-25522,
-25105,
-24594,
-23990,
-23295,
-22511,
-21643,
-20692,
-19664,
-18561,
-17387,
-16148,
-14848,
-13492,
-12084,
-10631,
-9138,
-7610,
-6053,
-4473,
-2877,
-1269,
343,
1954,
3558,
5148,
6718,
8264,
9778,
11255,
12689,
14075,
15408,
16683,
17895,
19039,
20111,
21107,
22023,
22855,
23601,
24258,
24823,
25294,
25670,
25948,
26128,
26209,
26191,
26074,
25859,
25545,
25135,
24630,
24031,
23342,
22564,
21701,
20755,
19732,
18633,
17464,
16229,
14933,
13580,
12175,
10725,
9234,
7708,
6153,
4575,
2979,
1372,
-240,
-1851,
-3456,
-5047,
-6619,
-8166,
-9682,
-11162,
-12599,
-13988,
-15325,
-16604,
-17820,
-18968,
-20045,
-21045,
-21967,
-22805,
-23556,
-24219,
-24790,
-25267,
-25649,
-25933,
-26120,
-26207,
-26196,
-26085,
-25875,
-25568,
-25164,
-24665,
-24072,
-23388,
-22616,
-21758,
-20818,
-19799,
-18705,
-17541,
-16310,
-15017,
-13668,
-12266,
-10819,
-9330,
-7806,
-6253,
-4676,
-3081,
-1475,
137,
1749,
3354,
4946,
6519,
8068,
9586,
11068,
12508,
13901,
15241,
16524,
17744,
18897,
19978,
20984,
21910,
22754,
23511,
24179,
24756,
25239,
25627,
25918,
26111,
26204,
26199,
26095,
25892,
25591,
25193,
24699,
24113,
23435,
22668,
21816,
20881,
19867,
18777,
17617,
16390,
15101,
13755,
12357,
10913,
9426,
7905,
6353,
4777,
3183,
1578,
-34,
-1646,
-3251,
-4845,
-6419,
-7970,
-9490,
-10975,
-12418,
-13814,
-15158,
-16444,
-17668,
-18825,
-19911,
-20922,
-21854,
-22702,
-23465,
-24139,
-24722,
-25211,
-25605,
-25902,
-26101,
-26201,
-26203,
-26104,
-25908,
-25613,
-25221,
-24734,
-24153,
-23481,
-22719,
-21872,
-20943,
-19934,
-18849,
-17693,
-16471,
-15186,
-13843,
-12448,
-11006,
-9522,
-8003,
-6453,
-4878,
-3286,
-1680,
-69,
1543,
3149,
4743,
6320,
7872,
9394,
10881,
12327,
13726,
15073,
16364,
17592,
18753,
19844,
20860,
21796,
22651,
23419,
24099,
24688,
25183,
25583,
25886,
26092,
26198,
26205,
26114,
25923,
25634,
25249,
24768,
24193,
23526,
22771,
21929,
21004,
20000,
18921,
17769,
16551,
15269,
13930,
12539,
11099,
9618,
8101,
6552,
4979,
3388,
1783,
172,
-1440,
-3047,
-4642,
-6220,
-7774,
-9298,
-10788,
-12236,
-13638,
-14989,
-16283,
-17515,
-18681,
-19777,
-20797,
-21739,
-22599,
-23373,
-24058,
-24653,
-25154,
-25560,
-25870,
-26081,
-26194,
-26208,
-26122,
-25938,
-25656,
-25276,
-24801,
-24232,
-23571,
-22821,
-21985,
-21066,
-20067,
-18992,
-17845,
-16630,
-15353,
-14017,
-12629,
-11193,
-9714,
-8199,
-6652,
-5081,
-3490,
-1886,
-275,
1338,
2945,
4541,
6120,
7675,
9202,
10694,
12145,
13550,
14905,
16202,
17439,
18609,
19709,
20734,
21681,
22546,
23326,
24017,
24618,
25125,
25537,
25853,
26071,
26190,
26210,
26131,
25953,
25677,
25303,
24834,
24271,
23616,
22872,
22041,
21127,
20133,
19062,
17920,
16710,
15436,
14104,
12719,
11286,
9809,
8296,
6752,
5181,
3592,
1988,
377,
-1235,
-2843,
-4439,
-6019,
-7577,
-9105,
-10600,
-12054,
-13462,
-14820,
-16121,
-17362,
-18536,
-19641,
-20671,
-21623,
-22494,
-23279,
-23976,
-24582,
-25096,
-25514,
-25836,
-26060,
-26185,
-26212,
-26139,
-25967,
-25697,
-25330,
-24867,
-24310,
-23661,
-22922,
-22097,
-21188,
-20199,
-19133,
-17995,
-16789,
-15519,
-14191,
-12809,
-11378,
-9905,
-8394,
-6851,
-5282,
-3694,
-2091,
-480,
1132,
2740,
4338,
5919,
7478,
9009,
10505,
11962,
13374,
14735,
16040,
17284,
18463,
19573,
20608,
21565,
22441,
23231,
23934,
24546,
25066,
25490,
25818,
26048,
26180,
26213,
26146,
25981,
25717,
25356,
24899,
24348,
23705,
22972,
22152,
21248,
20264,
19203,
18070,
16868,
15602,
14277,
12899,
11471,
10000,
8491,
6950,
5383,
3796,
2194,
583,
-1029,
-2638,
-4236,
-5819,
-7379,
-8912,
-10411,
-11871,
-13285,
-14649,
-15958,
-17207,
-18390,
-19504,
-20544,
-21506,
-22387,
-23183,
-23892,
-24510,
-25035,
-25466,
-25800,
-26037,
-26175,
-26214,
-26154,
-25995,
-25737,
-25382,
-24931,
-24386,
-23749,
-23021,
-22207,
-21308,
-20329,
-19273,
-18144,
-16946,
-15685,
-14364,
-12988,
-11564,
-10095,
-8589,
-7050,
-5484,
-3897,
-2296,
-686,
926,
2535,
4135,
5718,
7281,
8815,
10316,
11779,
13196,
14564,
15877,
17129,
18317,
19435,
20480,
21447,
22334,
23135,
23849,
24473,
25005,
25441,
25782,
26025,
26169,
26214,
26160,
26008,
25756,
25408,
24963,
24424,
23792,
23070,
22261,
21368,
20394,
19343,
18218,
17025,
15767,
14450,
13077,
11656,
10190,
8686,
7149,
5584,
3999,
2399,
789,
-823,
-2433,
-4033,
-5618,
-7182,
-8718,
-10222,
-11687,
-13107,
-14478,
-15794,
-17051,
-18243,
-19366,
-20416,
-21388,
-22279,
-23087,
-23806,
-24436,
-24973,
-25416,
-25763,
-26012,
-26163,
-26214,
-26167,
-26020,
-25775,
-25433,
-24994,
-24461,
-23835,
-23119,
-22316,
-21428,
-20459,
-19412,
-18292,
-17103,
-15849,
-14535,
-13167,
-11748,
-10285,
-8783,
-7248,
-5685,
-4101,
-2501,
-892,
721,
2330,
3931,
5517,
7083,
